[ INFO] [1509546661.495354994]: Starting camera node up
[ INFO] [1509546662.525770191]: We are about to spin
[ INFO] [1509546666.811532711]: Distance between chosen poinsts:  0.051444
[ INFO] [1509546668.525723741]: Distance between chosen poinsts:  0.050529
[ INFO] [1509546670.382847810]: Distance between chosen poinsts:  0.053394
4
########################################
-0.513646 , 0.224099 , 1.24901
0.100265 , -0.279855 , 1.54842
########################################
-0.515376 , 0.232157 , 1.18795
0.12419 , -0.212458 , 1.50832
########################################
-0.515555 , 0.233055 , 1.13147
0.142999 , -0.153129 , 1.51188
########################################
-0.51442 , 0.227771 , 1.07533
0.153085 , -0.0969788 , 1.51862
Total for frame 1: [0.52053827;
 -0.74242175;
 6.087234]
Total for frame 1: [-2.0589972;
 0.91708165;
 4.6437626]
########### tranformation: ###############
[0.88627815, -0.20418149, 0.4157173;
 0.37384295, -0.21448588, -0.90235102;
 -0.27340868, -0.95514703, 0.11376241][-1.3006241;
 1.5140163;
 0.84611547]
[ INFO] [1509546773.092233035]: Distance between chosen poinsts:  0.050241
5
########################################
-0.357308 , 0.256799 , 1.24315
0.0264858 , -0.29778 , 1.36088
########################################
-0.513646 , 0.224099 , 1.24901
0.100265 , -0.279855 , 1.54842
########################################
-0.515376 , 0.232157 , 1.18795
0.12419 , -0.212458 , 1.50832
########################################
-0.515555 , 0.233055 , 1.13147
0.142999 , -0.153129 , 1.51188
########################################
-0.51442 , 0.227771 , 1.07533
0.153085 , -0.0969788 , 1.51862
Total for frame 1: [0.54702407;
 -1.0402014;
 7.4481111]
Total for frame 1: [-2.4163053;
 1.1738802;
 5.8869162]
########### tranformation: ###############
[-0.55259931, -0.0047522895, -0.83343363;
 0.79893023, -0.28782126, -0.528081;
 -0.23737025, -0.95767236, 0.16284661][0.81770849;
 0.87413204;
 0.76153839]
[ INFO] [1509546774.806478809]: Distance between chosen poinsts:  0.052258
6
########################################
-0.356767 , 0.264007 , 1.18616
0.0477541 , -0.243329 , 1.35135
########################################
-0.357308 , 0.256799 , 1.24315
0.0264858 , -0.29778 , 1.36088
########################################
-0.513646 , 0.224099 , 1.24901
0.100265 , -0.279855 , 1.54842
########################################
-0.515376 , 0.232157 , 1.18795
0.12419 , -0.212458 , 1.50832
########################################
-0.515555 , 0.233055 , 1.13147
0.142999 , -0.153129 , 1.51188
########################################
-0.51442 , 0.227771 , 1.07533
0.153085 , -0.0969788 , 1.51862
Total for frame 1: [0.59477818;
 -1.2835307;
 8.7994604]
Total for frame 1: [-2.773072;
 1.4378871;
 7.0730724]
########### tranformation: ###############
[-0.55858499, -0.02777829, -0.828982;
 0.79711539, -0.29430202, -0.52725089;
 -0.22932491, -0.95530868, 0.18653518][0.80301714;
 0.87092638;
 0.72364879]
[ INFO] [1509546776.520699985]: Distance between chosen poinsts:  0.052451
7
########################################
-0.356696 , 0.264722 , 1.12984
0.0621999 , -0.181161 , 1.31783
########################################
-0.356767 , 0.264007 , 1.18616
0.0477541 , -0.243329 , 1.35135
########################################
-0.357308 , 0.256799 , 1.24315
0.0264858 , -0.29778 , 1.36088
########################################
-0.513646 , 0.224099 , 1.24901
0.100265 , -0.279855 , 1.54842
########################################
-0.515376 , 0.232157 , 1.18795
0.12419 , -0.212458 , 1.50832
########################################
-0.515555 , 0.233055 , 1.13147
0.142999 , -0.153129 , 1.51188
########################################
-0.51442 , 0.227771 , 1.07533
0.153085 , -0.0969788 , 1.51862
Total for frame 1: [0.65697813;
 -1.4646914;
 10.117287]
Total for frame 1: [-3.1297681;
 1.7026087;
 8.2029104]
########### tranformation: ###############
[-0.55304331, -0.045802288, -0.83189261;
 0.79953754, -0.30993739, -0.51446927;
 -0.23427072, -0.94965309, 0.20802948][0.79756838;
 0.84691435;
 0.69445407]
[ INFO] [1509546778.234836063]: Distance between chosen poinsts:  0.054038
8
########################################
-0.357125 , 0.258991 , 1.07282
0.0700606 , -0.121887 , 1.3223
########################################
-0.356696 , 0.264722 , 1.12984
0.0621999 , -0.181161 , 1.31783
########################################
-0.356767 , 0.264007 , 1.18616
0.0477541 , -0.243329 , 1.35135
########################################
-0.357308 , 0.256799 , 1.24315
0.0264858 , -0.29778 , 1.36088
########################################
-0.513646 , 0.224099 , 1.24901
0.100265 , -0.279855 , 1.54842
########################################
-0.515376 , 0.232157 , 1.18795
0.12419 , -0.212458 , 1.50832
########################################
-0.515555 , 0.233055 , 1.13147
0.142999 , -0.153129 , 1.51188
########################################
-0.51442 , 0.227771 , 1.07533
0.153085 , -0.0969788 , 1.51862
Total for frame 1: [0.72703874;
 -1.5865784;
 11.439585]
Total for frame 1: [-3.4868929;
 1.9615999;
 9.2757301]
########### tranformation: ###############
[-0.55894667, -0.060358554, -0.82700396;
 0.79880774, -0.3067551, -0.51750129;
 -0.22245197, -0.94987279, 0.2196746][0.78553772;
 0.85176808;
 0.67717844]
[ INFO] [1509546779.949064547]: Distance between chosen poinsts:  0.053231
9
########################################
-0.358016 , 0.246921 , 1.01772
0.0744868 , -0.0586248 , 1.31128
########################################
-0.357125 , 0.258991 , 1.07282
0.0700606 , -0.121887 , 1.3223
########################################
-0.356696 , 0.264722 , 1.12984
0.0621999 , -0.181161 , 1.31783
########################################
-0.356767 , 0.264007 , 1.18616
0.0477541 , -0.243329 , 1.35135
########################################
-0.357308 , 0.256799 , 1.24315
0.0264858 , -0.29778 , 1.36088
########################################
-0.513646 , 0.224099 , 1.24901
0.100265 , -0.279855 , 1.54842
########################################
-0.515376 , 0.232157 , 1.18795
0.12419 , -0.212458 , 1.50832
########################################
-0.515555 , 0.233055 , 1.13147
0.142999 , -0.153129 , 1.51188
########################################
-0.51442 , 0.227771 , 1.07533
0.153085 , -0.0969788 , 1.51862
Total for frame 1: [0.80152559;
 -1.6452034;
 12.750866]
Total for frame 1: [-3.8449085;
 2.2085207;
 10.293449]
########### tranformation: ###############
[-0.55974245, -0.073903114, -0.82536459;
 0.79938245, -0.31059951, -0.51431096;
 -0.21834861, -0.94766361, 0.2329326][0.77847415;
 0.84607846;
 0.65991884]
[ INFO] [1509546781.663254674]: Distance between chosen poinsts:  0.053187
10
########################################
-0.359396 , 0.22874 , 0.963592
0.0697265 , 0.00486729 , 1.27415
########################################
-0.358016 , 0.246921 , 1.01772
0.0744868 , -0.0586248 , 1.31128
########################################
-0.357125 , 0.258991 , 1.07282
0.0700606 , -0.121887 , 1.3223
########################################
-0.356696 , 0.264722 , 1.12984
0.0621999 , -0.181161 , 1.31783
########################################
-0.356767 , 0.264007 , 1.18616
0.0477541 , -0.243329 , 1.35135
########################################
-0.357308 , 0.256799 , 1.24315
0.0264858 , -0.29778 , 1.36088
########################################
-0.513646 , 0.224099 , 1.24901
0.100265 , -0.279855 , 1.54842
########################################
-0.515376 , 0.232157 , 1.18795
0.12419 , -0.212458 , 1.50832
########################################
-0.515555 , 0.233055 , 1.13147
0.142999 , -0.153129 , 1.51188
########################################
-0.51442 , 0.227771 , 1.07533
0.153085 , -0.0969788 , 1.51862
Total for frame 1: [0.87125206;
 -1.640336;
 14.025019]
Total for frame 1: [-4.2043047;
 2.4372609;
 11.257041]
########### tranformation: ###############
[-0.5569647, -0.11026274, -0.82318425;
 0.8011229, -0.33276072, -0.49746594;
 -0.21907148, -0.93654281, 0.27367014][0.76452595;
 0.81704104;
 0.60734344]
[ INFO] [1509546790.377107678]: Distance between chosen poinsts:  0.050404
11
########################################
-0.358129 , 0.246195 , 1.01483
0.0738616 , -0.044999 , 1.31883
########################################
-0.359396 , 0.22874 , 0.963592
0.0697265 , 0.00486729 , 1.27415
########################################
-0.358016 , 0.246921 , 1.01772
0.0744868 , -0.0586248 , 1.31128
########################################
-0.357125 , 0.258991 , 1.07282
0.0700606 , -0.121887 , 1.3223
########################################
-0.356696 , 0.264722 , 1.12984
0.0621999 , -0.181161 , 1.31783
########################################
-0.356767 , 0.264007 , 1.18616
0.0477541 , -0.243329 , 1.35135
########################################
-0.357308 , 0.256799 , 1.24315
0.0264858 , -0.29778 , 1.36088
########################################
-0.513646 , 0.224099 , 1.24901
0.100265 , -0.279855 , 1.54842
########################################
-0.515376 , 0.232157 , 1.18795
0.12419 , -0.212458 , 1.50832
########################################
-0.515555 , 0.233055 , 1.13147
0.142999 , -0.153129 , 1.51188
########################################
-0.51442 , 0.227771 , 1.07533
0.153085 , -0.0969788 , 1.51862
Total for frame 1: [0.94511366;
 -1.6853349;
 15.343851]
Total for frame 1: [-4.5624342;
 2.6834557;
 12.27187]
########### tranformation: ###############
[-0.55885398, -0.10400405, -0.8227182;
 0.80099553, -0.32453796, -0.50307178;
 -0.21468174, -0.94013733, 0.26467627][0.76492095;
 0.82713884;
 0.62083352]
[ INFO] [1509546801.233930472]: Distance between chosen poinsts:  0.054177
12
########################################
-0.275954 , 0.260482 , 1.09421
0.0146343 , -0.144882 , 1.2572
########################################
-0.358129 , 0.246195 , 1.01483
0.0738616 , -0.044999 , 1.31883
########################################
-0.359396 , 0.22874 , 0.963592
0.0697265 , 0.00486729 , 1.27415
########################################
-0.358016 , 0.246921 , 1.01772
0.0744868 , -0.0586248 , 1.31128
########################################
-0.357125 , 0.258991 , 1.07282
0.0700606 , -0.121887 , 1.3223
########################################
-0.356696 , 0.264722 , 1.12984
0.0621999 , -0.181161 , 1.31783
########################################
-0.356767 , 0.264007 , 1.18616
0.0477541 , -0.243329 , 1.35135
########################################
-0.357308 , 0.256799 , 1.24315
0.0264858 , -0.29778 , 1.36088
########################################
-0.513646 , 0.224099 , 1.24901
0.100265 , -0.279855 , 1.54842
########################################
-0.515376 , 0.232157 , 1.18795
0.12419 , -0.212458 , 1.50832
########################################
-0.515555 , 0.233055 , 1.13147
0.142999 , -0.153129 , 1.51188
########################################
-0.51442 , 0.227771 , 1.07533
0.153085 , -0.0969788 , 1.51862
Total for frame 1: [0.95974797;
 -1.8302166;
 16.601051]
Total for frame 1: [-4.8383875;
 2.9439375;
 13.366081]
########### tranformation: ###############
[-0.5673641, -0.096901849, -0.81774563;
 0.79399568, -0.32767022, -0.5120576;
 -0.21833166, -0.93980962, 0.26284814][0.75868535;
 0.84024072;
 0.62433445]
[ INFO] [1509546805.947884391]: Distance between chosen poinsts:  0.050125
13
########################################
-0.277856 , 0.252081 , 1.04257
0.0180413 , -0.0967738 , 1.23871
########################################
-0.275954 , 0.260482 , 1.09421
0.0146343 , -0.144882 , 1.2572
########################################
-0.358129 , 0.246195 , 1.01483
0.0738616 , -0.044999 , 1.31883
########################################
-0.359396 , 0.22874 , 0.963592
0.0697265 , 0.00486729 , 1.27415
########################################
-0.358016 , 0.246921 , 1.01772
0.0744868 , -0.0586248 , 1.31128
########################################
-0.357125 , 0.258991 , 1.07282
0.0700606 , -0.121887 , 1.3223
########################################
-0.356696 , 0.264722 , 1.12984
0.0621999 , -0.181161 , 1.31783
########################################
-0.356767 , 0.264007 , 1.18616
0.0477541 , -0.243329 , 1.35135
########################################
-0.357308 , 0.256799 , 1.24315
0.0264858 , -0.29778 , 1.36088
########################################
-0.513646 , 0.224099 , 1.24901
0.100265 , -0.279855 , 1.54842
########################################
-0.515376 , 0.232157 , 1.18795
0.12419 , -0.212458 , 1.50832
########################################
-0.515555 , 0.233055 , 1.13147
0.142999 , -0.153129 , 1.51188
########################################
-0.51442 , 0.227771 , 1.07533
0.153085 , -0.0969788 , 1.51862
Total for frame 1: [0.97778922;
 -1.9269905;
 17.839766]
Total for frame 1: [-5.1162434;
 3.1960182;
 14.408655]
########### tranformation: ###############
[-0.56910795, -0.10007764, -0.81614983;
 0.79341769, -0.32742929, -0.5131067;
 -0.21588087, -0.93956077, 0.26574597][0.75440741;
 0.84176719;
 0.62064397]
[ INFO] [1509546807.662047265]: Distance between chosen poinsts:  0.054542
14
########################################
-0.281267 , 0.236677 , 0.987264
0.0178563 , -0.0356828 , 1.26797
########################################
-0.277856 , 0.252081 , 1.04257
0.0180413 , -0.0967738 , 1.23871
########################################
-0.275954 , 0.260482 , 1.09421
0.0146343 , -0.144882 , 1.2572
########################################
-0.358129 , 0.246195 , 1.01483
0.0738616 , -0.044999 , 1.31883
########################################
-0.359396 , 0.22874 , 0.963592
0.0697265 , 0.00486729 , 1.27415
########################################
-0.358016 , 0.246921 , 1.01772
0.0744868 , -0.0586248 , 1.31128
########################################
-0.357125 , 0.258991 , 1.07282
0.0700606 , -0.121887 , 1.3223
########################################
-0.356696 , 0.264722 , 1.12984
0.0621999 , -0.181161 , 1.31783
########################################
-0.356767 , 0.264007 , 1.18616
0.0477541 , -0.243329 , 1.35135
########################################
-0.357308 , 0.256799 , 1.24315
0.0264858 , -0.29778 , 1.36088
########################################
-0.513646 , 0.224099 , 1.24901
0.100265 , -0.279855 , 1.54842
########################################
-0.515376 , 0.232157 , 1.18795
0.12419 , -0.212458 , 1.50832
########################################
-0.515555 , 0.233055 , 1.13147
0.142999 , -0.153129 , 1.51188
########################################
-0.51442 , 0.227771 , 1.07533
0.153085 , -0.0969788 , 1.51862
Total for frame 1: [0.99564552;
 -1.9626734;
 19.107735]
Total for frame 1: [-5.3975105;
 3.4326959;
 15.39592]
########### tranformation: ###############
[-0.57703543, -0.094939291, -0.81118232;
 0.79003251, -0.31670782, -0.52492368;
 -0.20707196, -0.94375992, 0.2577568][0.7493239;
 0.86104375;
 0.63033205]
[ INFO] [1509546809.376216645]: Distance between chosen poinsts:  0.051900
15
########################################
-0.285868 , 0.215857 , 0.935331
0.0117211 , 0.0306198 , 1.23964
########################################
-0.281267 , 0.236677 , 0.987264
0.0178563 , -0.0356828 , 1.26797
########################################
-0.277856 , 0.252081 , 1.04257
0.0180413 , -0.0967738 , 1.23871
########################################
-0.275954 , 0.260482 , 1.09421
0.0146343 , -0.144882 , 1.2572
########################################
-0.358129 , 0.246195 , 1.01483
0.0738616 , -0.044999 , 1.31883
########################################
-0.359396 , 0.22874 , 0.963592
0.0697265 , 0.00486729 , 1.27415
########################################
-0.358016 , 0.246921 , 1.01772
0.0744868 , -0.0586248 , 1.31128
########################################
-0.357125 , 0.258991 , 1.07282
0.0700606 , -0.121887 , 1.3223
########################################
-0.356696 , 0.264722 , 1.12984
0.0621999 , -0.181161 , 1.31783
########################################
-0.356767 , 0.264007 , 1.18616
0.0477541 , -0.243329 , 1.35135
########################################
-0.357308 , 0.256799 , 1.24315
0.0264858 , -0.29778 , 1.36088
########################################
-0.513646 , 0.224099 , 1.24901
0.100265 , -0.279855 , 1.54842
########################################
-0.515376 , 0.232157 , 1.18795
0.12419 , -0.212458 , 1.50832
########################################
-0.515555 , 0.233055 , 1.13147
0.142999 , -0.153129 , 1.51188
########################################
-0.51442 , 0.227771 , 1.07533
0.153085 , -0.0969788 , 1.51862
Total for frame 1: [1.0073667;
 -1.9320536;
 20.34738]
Total for frame 1: [-5.6833782;
 3.6485531;
 16.331251]
########### tranformation: ###############
[-0.57655317, -0.10057116, -0.81084663;
 0.79204392, -0.31248033, -0.52442598;
 -0.20063157, -0.94458538, 0.25981823][0.74678123;
 0.86117601;
 0.62811673]
[ INFO] [1509546837.660607709]: Distance between chosen poinsts:  0.051936
16
########################################
-0.284745 , 0.220763 , 0.878638
0.0224426 , 0.0948501 , 1.1951
########################################
-0.285868 , 0.215857 , 0.935331
0.0117211 , 0.0306198 , 1.23964
########################################
-0.281267 , 0.236677 , 0.987264
0.0178563 , -0.0356828 , 1.26797
########################################
-0.277856 , 0.252081 , 1.04257
0.0180413 , -0.0967738 , 1.23871
########################################
-0.275954 , 0.260482 , 1.09421
0.0146343 , -0.144882 , 1.2572
########################################
-0.358129 , 0.246195 , 1.01483
0.0738616 , -0.044999 , 1.31883
########################################
-0.359396 , 0.22874 , 0.963592
0.0697265 , 0.00486729 , 1.27415
########################################
-0.358016 , 0.246921 , 1.01772
0.0744868 , -0.0586248 , 1.31128
########################################
-0.357125 , 0.258991 , 1.07282
0.0700606 , -0.121887 , 1.3223
########################################
-0.356696 , 0.264722 , 1.12984
0.0621999 , -0.181161 , 1.31783
########################################
-0.356767 , 0.264007 , 1.18616
0.0477541 , -0.243329 , 1.35135
########################################
-0.357308 , 0.256799 , 1.24315
0.0264858 , -0.29778 , 1.36088
########################################
-0.513646 , 0.224099 , 1.24901
0.100265 , -0.279855 , 1.54842
########################################
-0.515376 , 0.232157 , 1.18795
0.12419 , -0.212458 , 1.50832
########################################
-0.515555 , 0.233055 , 1.13147
0.142999 , -0.153129 , 1.51188
########################################
-0.51442 , 0.227771 , 1.07533
0.153085 , -0.0969788 , 1.51862
Total for frame 1: [1.0298092;
 -1.8372033;
 21.542482]
Total for frame 1: [-5.9681234;
 3.8693161;
 17.209888]
########### tranformation: ###############
[-0.57644039, -0.11472607, -0.80904537;
 0.79352546, -0.31489471, -0.52072912;
 -0.19502296, -0.9421674, 0.27255604][0.74022323;
 0.85571307;
 0.61301494]
[ INFO] [1509546842.374618413]: Distance between chosen poinsts:  0.050170
17
########################################
-0.28902 , 0.201603 , 0.935654
0.00255676 , 0.0439554 , 1.24551
########################################
-0.284745 , 0.220763 , 0.878638
0.0224426 , 0.0948501 , 1.1951
########################################
-0.285868 , 0.215857 , 0.935331
0.0117211 , 0.0306198 , 1.23964
########################################
-0.281267 , 0.236677 , 0.987264
0.0178563 , -0.0356828 , 1.26797
########################################
-0.277856 , 0.252081 , 1.04257
0.0180413 , -0.0967738 , 1.23871
########################################
-0.275954 , 0.260482 , 1.09421
0.0146343 , -0.144882 , 1.2572
########################################
-0.358129 , 0.246195 , 1.01483
0.0738616 , -0.044999 , 1.31883
########################################
-0.359396 , 0.22874 , 0.963592
0.0697265 , 0.00486729 , 1.27415
########################################
-0.358016 , 0.246921 , 1.01772
0.0744868 , -0.0586248 , 1.31128
########################################
-0.357125 , 0.258991 , 1.07282
0.0700606 , -0.121887 , 1.3223
########################################
-0.356696 , 0.264722 , 1.12984
0.0621999 , -0.181161 , 1.31783
########################################
-0.356767 , 0.264007 , 1.18616
0.0477541 , -0.243329 , 1.35135
########################################
-0.357308 , 0.256799 , 1.24315
0.0264858 , -0.29778 , 1.36088
########################################
-0.513646 , 0.224099 , 1.24901
0.100265 , -0.279855 , 1.54842
########################################
-0.515376 , 0.232157 , 1.18795
0.12419 , -0.212458 , 1.50832
########################################
-0.515555 , 0.233055 , 1.13147
0.142999 , -0.153129 , 1.51188
########################################
-0.51442 , 0.227771 , 1.07533
0.153085 , -0.0969788 , 1.51862
Total for frame 1: [1.032366;
 -1.7932479;
 22.787994]
Total for frame 1: [-6.257143;
 4.070919;
 18.145542]
########### tranformation: ###############
[-0.57633919, -0.11475544, -0.80911326;
 0.79350454, -0.31532821, -0.52049851;
 -0.19540633, -0.94201875, 0.27279496][0.7394197;
 0.85572869;
 0.61420882]
[ INFO] [1509546847.802950536]: Distance between chosen poinsts:  0.054709
18
########################################
-0.287249 , 0.209584 , 0.992762
-0.00422339 , -0.0237596 , 1.25657
########################################
-0.28902 , 0.201603 , 0.935654
0.00255676 , 0.0439554 , 1.24551
########################################
-0.284745 , 0.220763 , 0.878638
0.0224426 , 0.0948501 , 1.1951
########################################
-0.285868 , 0.215857 , 0.935331
0.0117211 , 0.0306198 , 1.23964
########################################
-0.281267 , 0.236677 , 0.987264
0.0178563 , -0.0356828 , 1.26797
########################################
-0.277856 , 0.252081 , 1.04257
0.0180413 , -0.0967738 , 1.23871
########################################
-0.275954 , 0.260482 , 1.09421
0.0146343 , -0.144882 , 1.2572
########################################
-0.358129 , 0.246195 , 1.01483
0.0738616 , -0.044999 , 1.31883
########################################
-0.359396 , 0.22874 , 0.963592
0.0697265 , 0.00486729 , 1.27415
########################################
-0.358016 , 0.246921 , 1.01772
0.0744868 , -0.0586248 , 1.31128
########################################
-0.357125 , 0.258991 , 1.07282
0.0700606 , -0.121887 , 1.3223
########################################
-0.356696 , 0.264722 , 1.12984
0.0621999 , -0.181161 , 1.31783
########################################
-0.356767 , 0.264007 , 1.18616
0.0477541 , -0.243329 , 1.35135
########################################
-0.357308 , 0.256799 , 1.24315
0.0264858 , -0.29778 , 1.36088
########################################
-0.513646 , 0.224099 , 1.24901
0.100265 , -0.279855 , 1.54842
########################################
-0.515376 , 0.232157 , 1.18795
0.12419 , -0.212458 , 1.50832
########################################
-0.515555 , 0.233055 , 1.13147
0.142999 , -0.153129 , 1.51188
########################################
-0.51442 , 0.227771 , 1.07533
0.153085 , -0.0969788 , 1.51862
Total for frame 1: [1.0281427;
 -1.8170075;
 24.044569]
Total for frame 1: [-6.5443916;
 4.2805023;
 19.138304]
########### tranformation: ###############
[-0.57573354, -0.11523189, -0.80947673;
 0.79398406, -0.31519893, -0.51984501;
 -0.1952436, -0.94200379, 0.27296287][0.7389825;
 0.85505021;
 0.61467445]
[ INFO] [1509546849.517457816]: Distance between chosen poinsts:  0.053381
19
########################################
-0.283979 , 0.224432 , 1.04711
-0.00405829 , -0.0880646 , 1.26233
########################################
-0.287249 , 0.209584 , 0.992762
-0.00422339 , -0.0237596 , 1.25657
########################################
-0.28902 , 0.201603 , 0.935654
0.00255676 , 0.0439554 , 1.24551
########################################
-0.284745 , 0.220763 , 0.878638
0.0224426 , 0.0948501 , 1.1951
########################################
-0.285868 , 0.215857 , 0.935331
0.0117211 , 0.0306198 , 1.23964
########################################
-0.281267 , 0.236677 , 0.987264
0.0178563 , -0.0356828 , 1.26797
########################################
-0.277856 , 0.252081 , 1.04257
0.0180413 , -0.0967738 , 1.23871
########################################
-0.275954 , 0.260482 , 1.09421
0.0146343 , -0.144882 , 1.2572
########################################
-0.358129 , 0.246195 , 1.01483
0.0738616 , -0.044999 , 1.31883
########################################
-0.359396 , 0.22874 , 0.963592
0.0697265 , 0.00486729 , 1.27415
########################################
-0.358016 , 0.246921 , 1.01772
0.0744868 , -0.0586248 , 1.31128
########################################
-0.357125 , 0.258991 , 1.07282
0.0700606 , -0.121887 , 1.3223
########################################
-0.356696 , 0.264722 , 1.12984
0.0621999 , -0.181161 , 1.31783
########################################
-0.356767 , 0.264007 , 1.18616
0.0477541 , -0.243329 , 1.35135
########################################
-0.357308 , 0.256799 , 1.24315
0.0264858 , -0.29778 , 1.36088
########################################
-0.513646 , 0.224099 , 1.24901
0.100265 , -0.279855 , 1.54842
########################################
-0.515376 , 0.232157 , 1.18795
0.12419 , -0.212458 , 1.50832
########################################
-0.515555 , 0.233055 , 1.13147
0.142999 , -0.153129 , 1.51188
########################################
-0.51442 , 0.227771 , 1.07533
0.153085 , -0.0969788 , 1.51862
Total for frame 1: [1.0240843;
 -1.9050722;
 25.306898]
Total for frame 1: [-6.828371;
 4.5049343;
 20.185411]
########### tranformation: ###############
[-0.57512552, -0.1151756, -0.80991673;
 0.79442298, -0.31492752, -0.51933867;
 -0.19524997, -0.9421016, 0.27262101][0.73882449;
 0.85443521;
 0.61533689]