image_width: 1384
image_height: 1032
camera_name: narrow_stereo
camera_matrix:
  rows: 3
  cols: 3
  data: [1348.715676, 0.000000, 722.486120, 0.000000, 1347.386029, 495.012476, 0.000000, 0.000000, 1.000000]
distortion_model: plumb_bob
distortion_coefficients:
  rows: 1
  cols: 5
  data: [-0.228385, 0.266082, -0.001812, 0.000035, 0.000000]
rectification_matrix:
  rows: 3
  cols: 3
  data: [1.000000, 0.000000, 0.000000, 0.000000, 1.000000, 0.000000, 0.000000, 0.000000, 1.000000]
projection_matrix:
  rows: 3
  cols: 4
  data: [1288.800293, 0.000000, 723.438607, 0.000000, 0.000000, 1306.414307, 492.317182, 0.000000, 0.000000, 0.000000, 1.000000, 0.000000]
