# oST version 5.0 parameters


[image]

width
1384

height
1032

[narrow_stereo]

camera matrix
1348.715676 0.000000 722.486120
0.000000 1347.386029 495.012476
0.000000 0.000000 1.000000

distortion
-0.228385 0.266082 -0.001812 0.000035 0.000000

rectification
1.000000 0.000000 0.000000
0.000000 1.000000 0.000000
0.000000 0.000000 1.000000

projection
1288.800293 0.000000 723.438607 0.000000
0.000000 1306.414307 492.317182 0.000000
0.000000 0.000000 1.000000 0.000000

