Q: [0.3851265609264374, -2.0970662275897425, -1.9564622084247034, -0.7004502455340784, 1.6252485513687134, 0.36577165126800537]
tcp: 
  header: 
    seq: 0
    stamp: 
      secs: 1518687787
      nsecs: 704606033
    frame_id: ''
  pose: 
    position: 
      x: -0.433206226909
      y: 0.239729258575
      z: 0.702726872866
    orientation: 
      x: 3.08233709157
      y: 0.0280841672773
      z: -0.0545889463978
      w: 0.0
wTtcp: 
  header: 
    seq: 0
    stamp: 
      secs: 0
      nsecs:         0
    frame_id: ''
  pose: 
    position: 
      x: -0.433206226909
      y: 0.239729258575
      z: 0.702726872866
    orientation: 
      x: 3.08233709157
      y: 0.0280841672773
      z: -0.0545889463978
      w: 0.0
